16.173	0
12.274	0
11.526	0
24.293	0
24.455	0
14.906	0
13.861	0
21.034	0
19.352	0
16.626	0
19.11	0
15.236	0
22.951	0
15.706	0
13.979	0
18.185	0
12.509	0
16.815	0
13.668	0
13.927	0
14.709	0
14.522	0
17.198	0
17.232	0
16.144	0
19.63	0
15.241	0
15.953	0
14.747	0
16.218	0
13.861	0
23.019	0
14.28	0
14.792	0
13.875	0
20.116	0
13.282	0
18.232	0
12.555	0
14.152	0
15.693	0
17.174	0
18.48	0
16.718	0
21.304	0
14.203	0
20.327	0
15.404	0
11.408	0
15.472	0
9.9702	0
14.117	0
16.822	0
16.822	0
15.997	0
13.795	0
20.413	0
15.507	0
14.846	0
14.382	0
14.172	0
16.86	0
14.935	0
13.969	0
14.404	0
16.527	0
16.318	0
15.001	0
15.457	0
12.435	0
13.819	0
14.38	0
12.693	0
15.958	0
14.545	0
19.687	0
14.802	0
18.695	0
19.049	0
13.34	0
16.662	0
15.167	0
17.967	0
14.762	0
16.724	0
9.5521	0
13.768	0
14.369	0
16.3	0
12.488	0
19.179	0
12.535	0
15.587	0
16.412	0
12.434	0
18.795	0
14.332	0
12.535	0
23.411	0
16.291	0
16.291	0
20.332	0
15.871	0
14.981	0
19.09	0
17.434	0
12.622	0
14.339	0
16.499	0
19.115	0
15.61	0
11.237	0
16.218	0
13.849	0
13.819	0
13.077	0
12.603	0
12.284	0
11.158	0
14.453	0
19.21	0
16.358	0
17.662	0
15.828	0
18.552	0
13.43	0
13.706	0
15.221	0
15.728	0
11.959	0
13.898	0
13.504	0
14.904	0
15.127	0
13.347	0
18.551	0
17.394	0
19.503	0
15.037	0.36
14.996	0.43
15.055	0.47
15.169	0.55
20.922	0.61
18.274	0.71
15.97	0.77
14.211	0.9
14.651	0.95
14.348	0.96
17.1	1.07
14.047	1.12
17.241	1.19
14.012	1.36
16.632	1.43
17.766	1.46
15.196	1.46
14.908	1.56
14.663	1.61
16.221	1.63
14.955	1.64
15.241	1.69
12.035	1.75
16.133	1.9
14.929	1.94
17.403	1.95
19.868	2.01
18.154	2.14
14.762	2.29
15.608	2.51
14.189	2.53
16.155	2.55
14.232	2.57
17.172	2.69
16.374	2.74
14.083	3.07
15.78	3.5
16.177	4.53
15.662	4.61
15.783	4.69
15.484	4.88
20.332	5.23
16.656	5.33
13.946	5.44
15.479	6.38
16.229	6.83
15.289	6.96
15.95	7.04
14.172	7.19
15.622	7.3
12.811	7.4
17.578	8.24
12.083	8.31
13.892	8.68
13.682	8.71
13.961	9.41
13.682	10.01
16.708	10.02
15.662	10.93
9.5521	11.06
19.209	11.24
15.956	11.32
13.94	11.53
16.394	12.1
17.557	13.05
14.624	13.7
19.408	13.99
14.082	14.57
16.424	15.45
14.51	17.2
15.457	19.23
14.315	23.41
11.856	24.23
24.102	26
17.766	26.13
15.472	27.35
12.787	28.66
12.787	28.66
17.721	29.48
21.668	30.32
9.9899	31.72
11.372	31.86
18.231	32.07
17.099	35.88
15.472	36.85
21.814	37.02
18.305	37.71
16.904	48.55
15.575	49.37
14.891	58.3
14.83	64.1
15.453	71.3
13.979	88.49
14.895	95.18
15.438	103.39
15.767	105.66
11.66	154.88
16.848	196.48
15.459	200.94
14.596	212.88
14.596	1090.8
20.08	0
16.104	0
10.352	0
19.903	10.13
24.991	0
21.216	2.87
18.498	0.76
17.94	0.09
21.296	0.75
15.15	0
14.495	2.47
14.205	0.68
15.683	0.24
15.611	0.21
15.165	1.52
15.285	10.34
17.72	0
16.228	8.02
16.399	0.68
18.347	0
15.763	1.38
16.519	8.85
24.252	3.3
16.19	4.25
15.239	1.56
18.564	6.54
21.132	0.79
18.759	0.17
13.132	0
14.022	0
17.606	4.4
19.18	0.52
19.825	9.27
17.338	3.09
17.367	8.98
18.02	11.19
16.45	5.38
9.9091	17.85
9.9091	10.73
9.9091	22.03
9.9091	9.77
15.228	9.27
10.666	24.77
13.687	0
11.227	1.1
15.607	24.24
17.959	0
25.879	0
17.622	0
14.258	0
13.875	0
17.038	0
15.549	8
15.287	2.64
16.014	86.45
20.381	6.57
16.736	0
14.369	0.9
14.673	0
16.804	0
22.837	0
13.41	0
16.095	3.52
15.461	0
15.461	0
24.969	0
17.119	0
18.414	0.41
15.675	5.18
14.638	0
13.629	0
13.994	0
13.604	14.29
22.64	0
14.828	0
14.851	1.58
12.709	0
13.073	0
12.785	3.78
12.706	0
14.988	4.41
15.922	34.36
12.481	7.21
12.481	1.01
12.994	2.18
16.257	4.42
13.889	0
13.861	0
13.622	0
13.617	0
14.149	3.33
13.889	6.58
14.048	15.64
14.326	11.22
17.734	2.13
18.255	0
21.335	0
15.558	0
14.537	56.04
14.658	7.48
15.046	1.47
15.558	3.93
15.991	0
14.28	0
17.212	2.18
19.464	6.1
15.109	5.83
14.267	28.19
20.069	0
18.865	0
18.562	1.64
20.069	3.71
18.395	7.31
16.425	2.03
16.568	1.72
16.624	5.97
15.494	13.06
15.494	1.26
17.578	0
14.895	0
15.033	8.12
14.895	1.09
16.116	3.94
18.98	0.52
16.458	2.93
14.464	5.65
16.303	20.03
14.994	1.75
11.961	0
16.843	12.64
23.54	0
23.54	11.06
17.922	0
18.785	0
15.68	0
20.944	18.3
18.508	39.35
18.118	0
15.874	174.63
15.857	0
22.471	0
17.062	7.73
18.851	16.33
14.76	5.86
19.025	42.87
17.282	12.18
17.239	16
19.804	24.59
15.848	0
15.076	28.74
15.076	0
19.886	9.96
16.614	30.18
16.991	70.76
12.006	0
16.375	0
16.484	51.78
19.495	3.64
15.404	3.63
15.392	0
17.1	0
17.1	8.16
17.86	4.95
16.419	0
16.21	0
14.201	6.04
14.468	0
21.011	3.95
15.455	0
16.182	7.8
15.652	0
14.114	0
17.951	4.62
14.206	1.63
15.991	0
19.046	0
15.723	746.28
16.943	7.02
11.731	0
18.333	2.44
16.363	3.05
17.008	185.76
14.798	0
15.568	6.3
18.131	0.72
15.719	4.96
18.333	0
18.333	0
15.701	2.35
17.255	0
17.952	3.2
16.501	0
16.766	6.36
17.89	0
21.896	15.34
17.284	0
18.053	0
15.349	0.54
20.348	0
19.523	6.43
15.913	0.33
18.279	0
14.005	1.23
17.777	3.35
24.228	0
18.279	9.96
23.566	0
20.848	0
13.737	0
20.794	0
20.421	0
19.353	6.43
23.875	9.71
20.34	0
17.539	0
17.782	0
16.242	0
18.141	0
17.871	82.75
20.926	3.32
23.19	1.94
20.926	0
20.926	0
23.53	3.71
21.337	5.39
19.993	2.14
13.873	6.84
15.042	3.18
14.297	5.55
11.094	6.61
15.377	61.13
13.411	0
15.284	38.48
22.268	1.94
18.702	70.32
15.946	10.08
19.333	3.19
14.022	1.76
18.577	7.36
24.229	2.21
20.521	278.53
15.864	2.75
15.45	0
17.705	1.29
16.955	0
16.422	26.43
16.137	2.07
18.771	2
16.196	16.4
23.873	46.7
18.344	0
16.837	0
15.657	0
15.726	0
15.932	43.32
17.263	8.59
16.433	0
16.032	2.77
15.698	14.68
16.025	40.54
23.122	10.82
21.893	0
21.893	0
22.461	0
16.815	1.95
16.526	49.59
15.574	5.8
24.488	0
17.496	0
17.496	0
24.359	2.17
20.572	0.43
16.338	0
15.721	6.44
23.66	54.29
23.714	11.16
17.82	0
11.953	0
